1;1
2;2
3;3
4;4
5;5
6;6
7;10
8;14
9;15
10;17
11;18
12;20
13;21
14;23
15;24
16;25
17;26
18;28
19;29
20;31
21;32
22;33
23;34
24;35
25;36
26;38
27;39
28;41
29;43
30;46
31;47
32;48
33;49
34;52
35;55
36;57
37;58
38;60
39;61
40;62
41;63
42;64
43;65
44;67
45;68
46;69
47;70
48;72
49;73
50;75
51;77
52;78
53;79
54;80
55;81
56;82
57;85
58;86
59;88
60;89
61;90
62;92
63;93
64;97
65;98
66;99
67;101
68;102
69;103
70;104
71;105
72;106
73;107
74;108
75;109
76;110
77;112
78;114
79;115
80;116
81;117
82;118
83;122
84;123
85;125
86;126
87;127
88;129
89;130
90;132
91;133
92;134
93;135
94;136
95;137
96;138
97;140
98;141
99;142
100;143
101;144
102;146
103;147
104;149
105;152
106;153
107;155
108;156
109;157
110;158
111;159
112;161
113;162
114;163
115;166
116;167
117;169
118;170
119;171
120;172
121;173
122;174
123;175
124;177
125;178
126;181
127;184
128;186
129;188
130;189
131;191
132;192
133;193
134;195
135;196
136;197
137;199
138;200
139;202
140;204
141;205
142;206
143;207
144;208
145;210
146;211
147;212
148;214
149;215
150;217
151;219
152;222
153;223
154;224
155;225
156;229
157;230
158;232
159;233
160;234
161;235
162;236
163;237
164;238
165;240
166;242
167;243
168;244
169;247
170;249
171;250
172;251
173;253
174;256
175;258
176;259
177;260
178;261
179;264
180;267
181;268
182;273
183;277
184;278
185;280
186;282
187;283
188;285
189;286
190;288
191;289
192;295
193;296
194;298
195;299
196;300
197;301
198;302
199;303
200;305
201;307
202;308
203;309
204;310
205;311
206;314
207;315
208;316
209;321
210;322
211;324
212;325
213;328
214;330
215;331
216;332
217;333
218;334
219;335
220;336
221;339
222;340
223;341
224;342
225;343
226;345
227;347
228;349
229;350
230;351
231;354
232;355
233;356
234;359
235;360
236;362
237;363
238;365
239;366
240;367
241;371
242;373
243;375
244;376
245;377
246;378
247;379
248;380
249;381
250;382
251;383
252;384
253;385
254;387
255;389
256;390
257;391
258;392
259;394
260;395
261;396
262;397
263;398
264;399
265;400
266;402
267;403
268;404
269;405
270;406
271;408
272;409
273;411
274;412
275;414
276;415
277;416
278;418
279;419
280;420
281;421
282;422
283;423
284;425
285;426
286;427
287;429
288;430
289;431
290;432
291;435
292;436
293;438
294;439
295;440
296;443
297;445
298;446
299;448
300;449
301;450
302;452
303;453
304;454
305;455
306;456
307;457
308;458
309;463
310;465
311;466
312;467
313;469
314;470
315;471
316;472
317;474
318;477
319;479
320;481
321;482
322;483
323;484
324;485
325;487
326;489
327;490
328;491
329;492
330;494
331;495
332;496
333;499
334;500
335;501
336;502
337;503
338;505
339;508
340;509
341;510
342;512
343;514
344;515
345;516
346;517
347;519
348;520
349;521
350;522
351;523
352;524
353;525
354;527
355;528
356;529
357;532
358;536
359;537
360;538
361;539
362;541
363;543
364;546
365;547
366;548
367;549
368;550
369;553
370;554
371;555
372;556
373;557
374;558
375;561
376;562
377;563
378;564
379;566
380;567
381;568
382;569
383;570
384;572
385;573
386;574
387;576
388;577
389;581
390;582
391;584
392;585
393;586
394;587
395;588
396;590
397;591
398;592
399;593
400;594
401;595
402;596
403;597
404;598
405;599
406;600
407;603
408;604
409;605
410;607
411;608
412;609
413;610
414;613
415;614
416;618
417;620
418;621
419;623
420;624
421;626
422;630
423;632
424;633
425;634
426;635
427;636
428;637
429;639
430;642
431;643
432;645
433;646
434;647
435;648
436;649
437;650
438;651
439;656
440;657
441;659
442;661
443;665
444;668
445;670
446;672
447;675
448;676
449;678
450;679
451;680
452;681
453;682
454;685
455;686
456;687
457;688
458;690
459;691
460;693
461;694
462;696
463;697
464;698
465;699
466;700
467;701
468;702
469;703
470;704
471;705
472;706
473;707
474;708
475;709
476;710
477;712
478;715
479;718
480;719
481;720
482;721
483;722
484;723
485;725
486;727
487;728
488;731
489;732
490;733
491;739
492;740
493;743
494;745
495;747
496;748
497;750
498;751
499;752
500;753
501;754
502;755
503;757
504;759
505;760
506;761
507;762
508;763
509;765
510;766
511;767
512;769
513;773
514;774
515;775
516;778
517;779
518;780
519;781
520;782
521;783
522;784
523;785
524;786
525;787
526;788
527;789
528;791
529;792
530;793
531;794
532;795
533;796
534;797
535;803
536;804
537;806
538;808
539;809
540;810
541;813
542;814
543;816
544;817
545;818
546;819
547;820
548;822
549;823
550;824
551;825
552;826
553;828
554;829
555;830
556;831
557;833
558;834
559;835
560;838
561;839
562;840
563;841
564;842
565;844
566;845
567;847
568;849
569;850
570;853
571;854
572;855
573;856
574;857
575;858
576;859
577;860
578;861
579;863
580;864
581;865
582;869
583;870
584;871
585;872
586;873
587;874
588;875
589;877
590;879
591;881
592;884
593;886
594;888
595;889
596;891
597;893
598;894
599;895
600;896
601;897
602;898
603;899
604;900
605;902
606;903
607;904
608;905
609;908
610;911
611;912
612;913
613;914
614;915
615;918
616;920
617;922
618;923
619;924
620;925
621;927
622;928
623;929
624;930
625;935
626;936
627;937
628;938
629;940
630;942
631;943
632;945
633;946
634;947
635;948
636;949
637;950
638;951
639;952
640;955
641;956
642;957
643;961
644;962
645;963
646;965
647;967
648;969
649;970
650;973
651;975
652;976
653;978
654;979
655;980
656;981
657;982
658;983
659;984
660;985
661;986
662;987
663;988
664;991
665;993
666;994
667;996
668;997
669;998
670;999
671;1000
672;1001
673;1003
674;1004
675;1007
676;1009
677;1011
678;1012
679;1013
680;1015
681;1016
682;1019
683;1023
684;1024
685;1025
686;1027
687;1028
688;1030
689;1031
690;1034
691;1036
692;1038
693;1039
694;1042
695;1043
696;1044
697;1045
698;1046
699;1047
700;1050
701;1051
702;1052
703;1053
704;1055
705;1056
706;1057
707;1058
708;1059
709;1061
710;1064
711;1065
712;1069
713;1072
714;1073
715;1074
716;1075
717;1076
718;1077
719;1078
720;1079
721;1081
722;1082
723;1083
724;1084
725;1085
726;1086
727;1088
728;1091
729;1092
730;1093
731;1095
732;1096
733;1099
734;1100
735;1101
736;1103
737;1104
738;1106
739;1107
740;1109
741;1110
742;1112
743;1114
744;1115
745;1116
746;1117
747;1120
748;1121
749;1123
750;1124
751;1125
752;1128
753;1129
754;1130
755;1131
756;1132
757;1133
758;1134
759;1135
760;1138
761;1142
762;1143
763;1144
764;1146
765;1147
766;1148
767;1149
768;1151
769;1152
770;1153
771;1155
772;1157
773;1159
774;1160
775;1161
776;1162
777;1163
778;1166
779;1168
780;1169
781;1170
782;1171
783;1172
784;1173
785;1176
786;1178
787;1181
788;1182
789;1183
790;1184
791;1185
792;1187
793;1188
794;1189
795;1190
796;1191
797;1195
798;1197
799;1198
800;1199
801;1201
802;1202
803;1204
804;1205
805;1206
806;1208
807;1209
808;1210
809;1211
810;1212
811;1213
812;1215
813;1216
814;1218
815;1219
816;1220
817;1221
818;1223
819;1225
820;1227
821;1233
822;1234
823;1235
824;1236
825;1237
826;1239
827;1242
828;1244
829;1245
830;1246
831;1249
832;1250
833;1251
834;1252
835;1253
836;1254
837;1255
838;1256
839;1257
840;1259
841;1261
842;1262
843;1264
844;1265
845;1267
846;1268
847;1269
848;1270
849;1271
850;1272
851;1273
852;1274
853;1276
854;1277
855;1280
856;1281
857;1282
858;1284
859;1285
860;1286
861;1289
862;1290
863;1294
864;1295
865;1296
866;1297
867;1298
868;1299
869;1300
870;1301
871;1302
872;1303
873;1305
874;1306
875;1307
876;1308
877;1311
878;1313
879;1314
880;1315
881;1316
882;1317
883;1318
884;1319
885;1321
886;1322
887;1323
888;1324
889;1326
890;1327
891;1328
892;1329
893;1330
894;1332
895;1333
896;1336
897;1337
898;1338
899;1339
900;1340
901;1342
902;1344
903;1345
904;1346
905;1347
906;1348
907;1349
908;1350
909;1352
910;1354
911;1355
912;1359
913;1360
914;1361
915;1362
916;1363
917;1364
918;1365
919;1366
920;1367
921;1368
922;1369
923;1370
924;1372
925;1375
926;1376
927;1378
928;1379
929;1383
930;1385
931;1387
932;1388
933;1391
934;1392
935;1393
936;1394
937;1396
938;1397
939;1400
940;1401
941;1402
942;1407
943;1408
944;1409
945;1411
946;1413
947;1415
948;1416
949;1417
950;1418
951;1419
952;1420
953;1421
954;1423
955;1424
956;1425
957;1426
958;1427
959;1432
960;1433
961;1435
962;1436
963;1437
964;1438
965;1439
966;1440
967;1441
968;1442
969;1443
970;1444
971;1445
972;1446
973;1448
974;1450
975;1451
976;1452
977;1453
978;1456
979;1457
980;1458
981;1459
982;1460
983;1461
984;1462
985;1463
986;1464
987;1466
988;1467
989;1468
990;1469
991;1470
992;1472
993;1474
994;1475
995;1476
996;1478
997;1480
998;1481
999;1482
1000;1483
1001;1484
1002;1485
1003;1486
1004;1487
1005;1489
1006;1490
1007;1492
1008;1494
1009;1495
1010;1498
1011;1499
1012;1501
1013;1502
1014;1503
1015;1506
1016;1507
1017;1508
1018;1509
1019;1510
1020;1511
1021;1512
1022;1513
1023;1514
1024;1515
1025;1518
1026;1519
1027;1520
1028;1521
1029;1523
1030;1525
1031;1528
1032;1529
1033;1533
1034;1535
1035;1536
1036;1539
1037;1541
1038;1542
1039;1543
1040;1545
1041;1546
1042;1547
1043;1548
1044;1549
1045;1550
1046;1551
1047;1552
1048;1553
1049;1555
1050;1556
1051;1559
1052;1562
1053;1563
1054;1565
1055;1566
1056;1567
1057;1568
1058;1569
1059;1572
1060;1574
1061;1575
1062;1576
1063;1581
1064;1582
1065;1583
1066;1584
1067;1585
1068;1586
1069;1590
1070;1591
1071;1592
1072;1593
1073;1595
1074;1598
1075;1599
1076;1601
1077;1602
1078;1603
1079;1604
1080;1605
1081;1606
1082;1608
1083;1609
1084;1610
1085;1611
1086;1612
1087;1614
1088;1615
1089;1617
1090;1618
1091;1620
1092;1622
1093;1623
1094;1624
1095;1629
1096;1630
1097;1631
1098;1632
1099;1633
1100;1634
1101;1635
1102;1636
1103;1637
1104;1639
1105;1640
1106;1641
1107;1643
1108;1644
1109;1645
1110;1646
1111;1647
1112;1649
1113;1650
1114;1651
1115;1654
1116;1655
1117;1656
1118;1657
1119;1658
1120;1659
1121;1663
1122;1665
1123;1666
1124;1668
1125;1669
1126;1670
1127;1671
1128;1672
1129;1673
1130;1675
1131;1676
1132;1678
1133;1679
1134;1680
1135;1681
1136;1682
1137;1683
1138;1685
1139;1686
1140;1687
1141;1688
1142;1690
1143;1692
1144;1693
1145;1694
1146;1697
1147;1700
1148;1701
1149;1702
1150;1703
1151;1704
1152;1705
1153;1708
1154;1710
1155;1713
1156;1714
1157;1715
1158;1717
1159;1718
1160;1719
1161;1720
1162;1721
1163;1722
1164;1723
1165;1724
1166;1727
1167;1729
1168;1730
1169;1734
1170;1735
1171;1736
1172;1737
1173;1738
1174;1739
1175;1740
1176;1741
1177;1742
1178;1744
1179;1746
1180;1749
1181;1750
1182;1752
1183;1755
1184;1756
1185;1757
1186;1758
1187;1759
1188;1761
1189;1763
1190;1764
1191;1765
1192;1766
1193;1768
1194;1771
1195;1775
1196;1776
1197;1777
1198;1778
1199;1779
1200;1780
1201;1782
1202;1783
1203;1787
1204;1788
1205;1789
1206;1790
1207;1791
1208;1792
1209;1798
1210;1799
1211;1800
1212;1801
1213;1803
1214;1805
1215;1808
1216;1809
1217;1810
1218;1812
1219;1813
1220;1814
1221;1815
1222;1816
1223;1818
1224;1821
1225;1824
1226;1825
1227;1826
1228;1829
1229;1831
1230;1832
1231;1833
1232;1834
1233;1835
1234;1836
1235;1838
1236;1839
1237;1840
1238;1841
1239;1842
1240;1843
1241;1844
1242;1845
1243;1847
1244;1848
1245;1851
1246;1853
1247;1854
1248;1855
1249;1856
1250;1857
1251;1858
1252;1859
1253;1861
1254;1862
1255;1863
1256;1864
1257;1866
1258;1868
1259;1869
1260;1870
1261;1871
1262;1872
1263;1873
1264;1875
1265;1876
1266;1878
1267;1880
1268;1881
1269;1883
1270;1884
1271;1886
1272;1887
1273;1888
1274;1889
1275;1890
1276;1891
1277;1892
1278;1893
1279;1894
1280;1895
1281;1896
1282;1897
1283;1898
1284;1900
1285;1901
1286;1902
1287;1904
1288;1905
1289;1906
1290;1909
1291;1910
1292;1911
1293;1912
1294;1913
1295;1915
1296;1917
1297;1918
1298;1920
1299;1921
1300;1922
1301;1924
1302;1925
1303;1926
1304;1927
1305;1928
1306;1929
1307;1930
1308;1932
1309;1933
1310;1934
1311;1936
1312;1940
1313;1941
1314;1942
1315;1944
1316;1946
1317;1947
1318;1950
1319;1952
1320;1953
1321;1954
1322;1955
1323;1956
1324;1957
1325;1958
1326;1959
1327;1960
1328;1961
1329;1964
1330;1965
1331;1966
1332;1967
1333;1968
1334;1969
1335;1970
1336;1973
1337;1974
1338;1975
1339;1976
1340;1978
1341;1979
1342;1980
1343;1981
1344;1983
1345;1984
1346;1987
1347;1988
1348;1990
1349;1993
1350;1994
1351;1995
1352;1996
1353;1998
1354;1999
1355;2001
1356;2002
1357;2003
1358;2004
1359;2006
1360;2007
1361;2008
1362;2010
1363;2013
1364;2014
1365;2015
1366;2016
1367;2017
1368;2021
1369;2022
1370;2023
1371;2024
1372;2025
1373;2029
1374;2033
1375;2034
1376;2036
1377;2037
1378;2038
1379;2039
1380;2041
1381;2042
1382;2043
1383;2046
1384;2048
1385;2049
1386;2050
1387;2052
1388;2053
1389;2054
1390;2057
1391;2058
1392;2059
1393;2060
1394;2061
1395;2062
1396;2063
1397;2064
1398;2065
1399;2066
1400;2067
1401;2068
1402;2069
1403;2070
1404;2072
1405;2073
1406;2074
1407;2075
1408;2077
1409;2078
1410;2079
1411;2081
1412;2082
1413;2083
1414;2087
1415;2089
1416;2090
1417;2091
1418;2094
1419;2095
1420;2096
1421;2099
1422;2100
1423;2101
1424;2102
1425;2103
1426;2104
1427;2105
1428;2106
1429;2107
1430;2108
1431;2109
1432;2110
1433;2111
1434;2112
1435;2113
1436;2114
1437;2115
1438;2116
1439;2117
1440;2118
1441;2119
1442;2120
1443;2122
1444;2123
1445;2124
1446;2127
1447;2128
1448;2130
1449;2131
1450;2132
1451;2133
1452;2135
1453;2136
1454;2137
1455;2139
1456;2140
1457;2141
1458;2142
1459;2144
1460;2148
1461;2149
1462;2152
1463;2153
1464;2154
1465;2155
1466;2156
1467;2157
1468;2160
1469;2162
1470;2165
1471;2166
1472;2167
1473;2168
1474;2169
1475;2171
1476;2172
1477;2173
1478;2176
1479;2177
1480;2179
1481;2180
1482;2181
1483;2183
1484;2184
1485;2185
1486;2186
1487;2187
1488;2188
1489;2189
1490;2191
1491;2192
1492;2193
1493;2195
1494;2196
1495;2198
1496;2199
1497;2200
1498;2203
1499;2208
1500;2209
1501;2212
1502;2213
1503;2216
1504;2217
1505;2218
1506;2220
1507;2221
1508;2223
1509;2224
1510;2226
1511;2227
1512;2228
1513;2230
1514;2231
1515;2232
1516;2233
1517;2234
1518;2235
1519;2236
1520;2237
1521;2238
1522;2239
1523;2240
1524;2242
1525;2244
1526;2246
1527;2247
1528;2248
1529;2250
1530;2253
1531;2254
1532;2256
1533;2257
1534;2258
1535;2259
1536;2261
1537;2262
1538;2263
1539;2264
1540;2266
1541;2268
1542;2271
1543;2272
1544;2273
1545;2274
1546;2276
1547;2277
1548;2278
1549;2279
1550;2281
1551;2282
1552;2283
1553;2286
1554;2287
1555;2289
1556;2290
1557;2293
1558;2294
1559;2295
1560;2296
1561;2297
1562;2298
1563;2299
1564;2300
