1;1;RG;21.920.976-04
2;1;CNH;07389227810
3;2;CPF;996.674.737-08
4;2;CNH;19216930684
5;2;CERT. Nasc;501251 71 09 3142 5 22623 211 8057864 28
6;3;RG;39.303.442-30
7;3;CNH;81064729900
8;3;CERT. Nasc;484071 29 98 2592 3 03571 515 4440685 08
9;4;RG;52.202.450-46
10;4;CNH;02659064291
11;4;CERT. Nasc;875631 08 25 7376 6 74223 004 0785969 66
12;5;RG;62.238.508-24
13;5;CNH;01495514684
14;6;RG;97.670.561-08
15;6;CNH;34500504174
16;6;CERT. Nasc;155488 60 33 0670 4 11362 440 3312541 91
17;7;RG;11.621.735-77
18;7;CNH;32896789843
19;7;CERT. Nasc;247492 84 23 1241 6 47918 682 8769001 23
20;8;RG;56.234.714-62
21;8;CNH;30511096727
22;8;CERT. Nasc;327959 29 83 6586 7 00129 277 1466987 42
23;9;RG;37.175.198-63
24;9;CNH;21807637666
25;10;RG;37.655.295-53
26;10;CNH;77015511773
27;10;CERT. Nasc;351605 15 65 6936 2 48745 739 6228187 35
28;11;CPF;864.760.040-18
29;11;CNH;40009556577
30;11;CERT. Nasc;544625 14 49 4100 4 38081 627 9681271 62
31;12;RG;79.992.815-37
32;12;CNH;55293717493
33;12;CERT. Nasc;394424 35 16 4829 0 45560 455 8288828 20
34;13;RG;51.178.518-03
35;13;CNH;01880134709
36;13;CERT. Nasc;071292 56 14 5631 2 93890 312 7713813 41
37;14;RG;54.463.470-70
38;14;CNH;29295893117
39;14;CERT. Nasc;600217 92 83 8948 7 90138 292 5051730 94
40;15;RG;88.493.260-10
41;15;CNH;48487594297
42;15;CERT. Nasc;370497 10 90 7213 2 87481 801 7504405 59
43;16;RG;38.117.706-16
44;16;CNH;53245384708
45;17;RG;13.334.178-73
46;17;CNH;78223842783
47;18;RG;74.583.755-42
48;18;CNH;62769964302
49;18;CERT. Nasc;260760 64 76 4344 8 23832 787 4073416 55
50;19;RG;26.115.864-80
51;19;CNH;94134354516
52;20;CPF;934.690.837-89
53;20;CNH;59503278824
54;20;CERT. Nasc;395035 88 55 0374 6 02782 196 3491950 67
55;21;CPF;573.347.786-50
56;21;RG;69.930.163-58
57;22;CPF;288.104.130-24
58;22;CNH;13320943050
59;22;CERT. Nasc;668341 39 65 7577 0 09266 535 4822457 60
60;23;RG;87.394.860-78
61;23;CNH;18725580807
62;23;CERT. Nasc;032870 45 20 1085 3 72183 781 4138444 68
63;24;RG;15.663.305-65
64;24;CNH;25193123723
65;24;CERT. Nasc;440711 40 03 9348 9 14936 781 6105932 25
66;25;RG;36.109.931-62
67;25;CNH;21124183951
68;25;CERT. Nasc;539459 18 14 8371 7 45993 324 8126046 32
69;26;CPF;700.909.602-38
70;26;CNH;65083378914
71;26;CERT. Nasc;655915 37 99 5047 1 83242 890 8932293 31
72;27;RG;67.026.403-66
73;27;CNH;19088445594
74;27;CERT. Nasc;192635 26 29 5567 0 12694 785 4809997 29
75;28;RG;27.480.405-46
76;28;CNH;16322172803
77;29;CPF;996.468.999-35
78;29;RG;87.715.061-23
79;30;CPF;062.970.322-11
80;30;CNH;26654961414
81;30;CERT. Nasc;762196 31 28 7120 5 50417 419 7279861 49
82;31;RG;32.946.919-34
83;31;CNH;73367921640
84;31;CERT. Nasc;853362 20 92 6963 8 75985 231 9253702 47
85;32;RG;79.263.628-43
86;32;CNH;73467405496
87;32;CERT. Nasc;960401 79 12 9844 6 09756 944 3423763 70
88;33;CPF;046.456.592-86
89;33;RG;14.497.388-06
90;34;CPF;074.388.337-39
91;34;CNH;97132283344
92;34;CERT. Nasc;962790 90 28 4653 2 96324 335 8657954 73
93;35;RG;78.779.239-26
94;35;CNH;44362959932
95;36;CPF;866.308.428-55
96;36;RG;75.050.210-64
97;37;RG;55.601.506-66
98;37;CNH;19622627340
99;37;CERT. Nasc;774710 77 88 7676 4 73461 862 6457724 97
100;38;RG;46.579.040-23
101;38;CNH;73212366128
102;38;CERT. Nasc;450156 13 68 4860 6 46027 566 8123924 51
103;39;RG;69.322.781-75
104;39;CNH;86432103139
105;40;RG;41.688.870-35
106;40;CNH;70286015175
107;40;CERT. Nasc;359736 83 25 3719 6 19969 874 9357615 00
108;41;RG;93.705.959-21
109;41;CNH;49619051914
110;41;CERT. Nasc;763710 62 18 3497 9 50966 965 4153938 63
111;42;RG;49.954.221-31
112;42;CNH;93553791202
113;42;CERT. Nasc;463933 91 95 4243 3 34359 382 8660959 75
114;43;CPF;411.325.872-47
115;43;RG;02.362.296-00
116;44;RG;67.893.765-08
117;44;CNH;38293800857
118;44;CERT. Nasc;860063 94 06 2740 0 08563 102 7279383 65
119;45;RG;48.143.076-16
120;45;CNH;80400354245
121;46;RG;57.123.162-02
122;46;CNH;70953888595
123;46;CERT. Nasc;961798 48 95 3699 2 91220 636 6873535 62
124;47;RG;78.116.533-51
125;47;CNH;31431429901
126;48;RG;92.366.309-66
127;48;CNH;07644129382
128;49;RG;21.986.198-60
129;49;CNH;14432673483
130;49;CERT. Nasc;043467 63 66 3517 6 49376 756 1262205 28
131;50;RG;27.536.434-06
132;50;CNH;88542429270
133;50;CERT. Nasc;263168 03 03 8176 4 88001 987 8438407 03
134;51;RG;78.984.591-36
135;51;CNH;52273981006
136;51;CERT. Nasc;443656 87 06 1499 7 66463 032 8922828 27
137;52;CPF;201.696.527-42
138;52;CNH;91618186951
139;52;CERT. Nasc;650411 58 49 9139 9 30891 738 8942367 48
140;53;RG;61.984.873-86
141;53;CNH;97943100541
142;54;RG;29.848.724-88
143;54;CNH;44689122970
144;54;CERT. Nasc;590534 83 33 4171 4 81373 090 9539476 20
145;55;CPF;705.232.920-40
146;55;RG;76.194.030-00
147;56;RG;98.904.716-05
148;56;CNH;63665842917
149;57;CPF;997.315.412-68
150;57;CNH;55084606169
151;57;CERT. Nasc;270049 59 61 9609 6 23447 659 5565553 26
152;58;RG;64.926.106-33
153;58;CNH;41390289880
154;59;CPF;669.892.456-38
155;59;RG;42.445.749-38
156;60;RG;01.792.870-60
157;60;CNH;19328653227
158;60;CERT. Nasc;940398 00 87 2960 6 45746 822 1597610 47
159;61;CPF;374.211.503-07
160;61;RG;02.957.217-16
161;62;RG;04.677.142-08
162;62;CNH;33082271791
163;62;CERT. Nasc;554685 86 41 1905 4 44745 671 6186491 11
164;63;CPF;233.921.924-81
165;63;CNH;19765603132
166;63;CERT. Nasc;687684 89 83 2747 6 44617 717 0721655 54
167;64;CPF;896.213.457-82
168;64;CNH;82804186548
169;64;CERT. Nasc;438793 32 00 7828 3 13296 775 5828395 88
170;65;RG;47.102.995-85
171;65;CNH;03612932837
172;65;CERT. Nasc;689747 30 41 1611 4 32763 535 4881288 52
173;66;CPF;189.357.731-74
174;66;CNH;24347673881
175;66;CERT. Nasc;484844 07 44 2069 5 15609 772 4211153 55
176;67;CPF;863.190.772-39
177;67;RG;73.085.029-60
178;68;RG;09.766.480-37
179;68;CNH;31221330478
180;69;CPF;535.006.512-24
181;69;RG;95.336.510-71
182;70;RG;80.206.257-73
183;70;CNH;49516091306
184;71;RG;43.893.859-01
185;71;CNH;91747134030
186;71;CERT. Nasc;136695 34 42 4601 9 09583 181 1413411 50
187;72;RG;16.556.922-22
188;72;CNH;17080569023
189;73;CPF;235.418.033-04
190;73;CNH;72302546096
191;73;CERT. Nasc;791436 75 85 7875 1 68085 865 5856339 71
192;74;CPF;535.113.123-45
193;74;CNH;24341869512
194;74;CERT. Nasc;455501 63 26 0162 5 93752 854 4325077 48
195;75;RG;15.251.524-87
196;75;CNH;51237083638
197;76;RG;69.042.845-66
198;76;CNH;78906925084
199;77;RG;42.771.327-07
200;77;CNH;85577453293
201;78;RG;37.406.445-16
202;78;CNH;09974427169
203;78;CERT. Nasc;158023 23 57 3416 7 20297 217 2067649 36
204;79;CPF;836.071.577-74
205;79;CNH;63403942879
206;79;CERT. Nasc;410253 85 92 9597 4 24375 495 8928098 58
207;80;CPF;530.912.707-00
208;80;CNH;79001708146
209;80;CERT. Nasc;727353 26 87 2023 5 35565 452 4055124 06
210;81;CPF;996.485.962-71
211;81;RG;12.102.911-76
212;82;CPF;040.236.622-08
213;82;CNH;15303485828
214;82;CERT. Nasc;263649 70 70 4772 8 78832 048 6846083 99
215;83;RG;60.899.058-05
216;83;CNH;94895091987
217;83;CERT. Nasc;949045 53 18 8303 7 89261 412 2053585 23
218;84;CPF;124.114.695-00
219;84;RG;39.424.860-13
220;85;CPF;538.572.333-97
221;85;CNH;32298028625
222;85;CERT. Nasc;670421 35 85 9281 6 84418 214 8780392 45
223;86;RG;76.576.548-48
224;86;CNH;16326572602
225;86;CERT. Nasc;771512 58 90 3401 2 72352 176 4907837 24
226;87;RG;46.912.717-21
227;87;CNH;75014965084
228;87;CERT. Nasc;854338 01 75 7981 2 27011 765 2608174 39
229;88;CPF;606.330.943-82
230;88;CNH;76772343502
231;88;CERT. Nasc;043488 93 20 9258 8 89049 689 1024328 72
232;89;CPF;772.671.057-85
233;89;RG;13.594.002-42
234;90;RG;97.577.904-75
235;90;CNH;04883110770
236;90;CERT. Nasc;696571 07 25 9242 7 81001 381 6568221 05
237;91;CPF;741.010.479-10
238;91;CNH;75261690979
239;91;CERT. Nasc;748565 15 00 0548 4 48339 259 5168377 31
240;92;CPF;475.719.695-49
241;92;CNH;80029987039
242;92;CERT. Nasc;456136 06 29 1796 0 66174 165 4275940 62
243;93;RG;44.566.603-15
244;93;CNH;22005369036
245;93;CERT. Nasc;839020 17 27 8774 9 69006 334 6123395 01
246;94;RG;05.177.724-43
247;94;CNH;21540314361
248;94;CERT. Nasc;718750 07 41 5244 0 98366 135 6100468 89
249;95;RG;69.412.812-16
250;95;CNH;94321209765
251;95;CERT. Nasc;878676 65 61 1313 6 65225 788 2990751 83
252;96;CPF;442.581.754-04
253;96;RG;77.233.968-41
254;97;RG;99.015.329-02
255;97;CNH;17125963547
256;97;CERT. Nasc;618405 94 51 4517 1 11168 313 0525842 03
257;98;CPF;381.168.531-71
258;98;RG;62.487.799-62
259;99;RG;76.583.999-04
260;99;CNH;76566271556
261;99;CERT. Nasc;125909 39 20 4293 8 05103 159 4016134 37
262;100;RG;99.690.548-37
263;100;CNH;28108956624
264;100;CERT. Nasc;390924 28 48 2826 7 56288 542 1774399 39
265;101;RG;21.109.721-61
266;101;CNH;58755620944
267;102;RG;68.977.808-43
268;102;CNH;75364235140
269;103;RG;01.757.223-85
270;103;CNH;12182432250
271;103;CERT. Nasc;786820 02 00 8907 6 36583 209 6928718 62
272;104;RG;01.296.315-02
273;104;CNH;61743293458
274;104;CERT. Nasc;044599 21 62 6843 7 95936 674 9944368 41
275;105;RG;29.744.768-58
276;105;CNH;31917594436
277;105;CERT. Nasc;132680 04 80 4262 7 69822 888 6877459 83
278;106;RG;75.798.331-16
279;106;CNH;15679376412
280;106;CERT. Nasc;665909 53 65 7964 3 38915 366 4088500 09
281;107;RG;60.702.821-77
282;107;CNH;43066938075
283;107;CERT. Nasc;636161 28 84 9115 6 69537 914 6263807 05
284;108;CPF;209.795.663-71
285;108;CNH;14913512435
286;108;CERT. Nasc;571760 49 92 4813 8 32478 392 4650345 84
287;109;CPF;950.567.495-32
288;109;RG;77.206.650-80
289;110;RG;06.597.085-46
290;110;CNH;10915781150
291;110;CERT. Nasc;428486 84 83 4882 3 21259 810 2589989 58
292;111;CPF;439.646.354-56
293;111;RG;70.383.475-67
294;112;RG;27.249.597-23
295;112;CNH;68807875478
296;112;CERT. Nasc;232126 42 94 4643 8 59900 431 9482661 52
297;113;RG;67.078.896-72
298;113;CNH;47714971516
299;113;CERT. Nasc;106152 92 43 3111 1 30668 982 0415568 63
300;114;RG;06.957.347-63
301;114;CNH;25908530858
302;115;CPF;456.769.256-04
303;115;CNH;14092483155
304;115;CERT. Nasc;129995 22 48 4675 8 93678 965 7261133 05
305;116;CPF;178.013.093-75
306;116;CNH;90823602989
307;116;CERT. Nasc;959429 09 19 9000 9 82698 326 6909271 96
308;117;CPF;765.653.166-19
309;117;CNH;43084912064
310;117;CERT. Nasc;709828 52 35 1661 2 73125 832 9492589 71
311;118;RG;68.488.881-81
312;118;CNH;42175067339
313;119;RG;89.929.555-17
314;119;CNH;36240346226
315;119;CERT. Nasc;786413 71 16 0448 7 80203 824 3243982 24
316;120;RG;01.801.830-00
317;120;CNH;39214629295
318;120;CERT. Nasc;092306 03 09 6606 4 85549 036 3001309 32
319;121;CPF;521.623.816-64
320;121;RG;30.418.037-68
321;122;CPF;988.862.669-87
322;122;RG;70.946.289-05
323;123;CPF;492.759.875-64
324;123;CNH;71326388987
325;123;CERT. Nasc;956734 24 52 8976 4 92300 594 1850588 95
326;124;RG;99.373.948-53
327;124;CNH;75924382599
328;125;RG;33.082.544-10
329;125;CNH;38489677735
330;126;RG;69.946.485-72
331;126;CNH;84466109120
332;126;CERT. Nasc;231817 25 63 4120 2 87591 048 7874810 79
333;127;RG;04.821.291-85
334;127;CNH;50205690277
335;127;CERT. Nasc;247271 32 50 5463 5 84668 749 0591582 05
336;128;CPF;156.802.810-58
337;128;RG;10.159.336-66
338;129;CPF;860.358.656-07
339;129;RG;75.172.702-63
340;130;CPF;313.058.462-57
341;130;CNH;82210260355
342;130;CERT. Nasc;988258 29 80 4553 6 01160 804 9816708 15
343;131;RG;16.405.276-08
344;131;CNH;99564189271
345;131;CERT. Nasc;955040 25 36 9757 2 21114 705 9069529 44
346;132;RG;37.233.969-80
347;132;CNH;55556919539
348;133;CPF;485.015.024-13
349;133;CNH;39443909129
350;133;CERT. Nasc;472812 01 57 5907 3 53323 889 1435943 21
351;134;RG;18.900.862-06
352;134;CNH;46653693762
353;135;RG;11.396.712-37
354;135;CNH;53869405079
355;135;CERT. Nasc;017490 25 18 7674 1 12277 411 8935981 89
356;136;RG;35.085.778-52
357;136;CNH;61034299874
358;136;CERT. Nasc;416601 63 35 0759 1 77072 092 9408027 37
359;137;CPF;780.014.194-28
360;137;RG;80.213.985-31
361;138;RG;97.384.838-73
362;138;CNH;75858687672
363;139;RG;08.429.665-00
364;139;CNH;68965420827
365;140;CPF;450.233.905-94
366;140;CNH;80500300976
367;140;CERT. Nasc;588297 00 42 4366 3 82866 535 7402917 90
368;141;CPF;076.968.198-01
369;141;CNH;78182839468
370;141;CERT. Nasc;081071 31 49 9419 8 52056 703 4516620 54
371;142;CPF;842.122.067-57
372;142;CNH;36164329678
373;142;CERT. Nasc;227477 73 82 2006 6 16269 355 5550645 82
374;143;CPF;277.788.227-41
375;143;RG;45.638.758-50
376;144;CPF;969.455.677-53
377;144;CNH;93248398644
378;144;CERT. Nasc;711813 96 06 5033 0 22289 827 2235710 87
379;145;RG;03.627.581-17
380;145;CNH;50025530427
381;146;RG;70.816.002-15
382;146;CNH;64616090703
383;146;CERT. Nasc;065624 32 65 2589 3 86908 435 5933834 26
384;147;CPF;444.669.533-92
385;147;RG;98.346.479-55
386;148;CPF;105.057.160-62
387;148;CNH;86703621876
388;148;CERT. Nasc;069955 06 96 7252 6 56983 412 3945315 50
389;149;RG;54.993.191-81
390;149;CNH;20618361971
391;149;CERT. Nasc;430037 05 35 2222 4 73033 495 0395309 99
392;150;RG;48.400.531-14
393;150;CNH;46870622932
394;151;RG;23.354.404-32
395;151;CNH;45394525343
396;151;CERT. Nasc;721132 94 54 1928 7 83550 320 2940381 31
397;152;CPF;202.747.484-60
398;152;CNH;14919205985
399;152;CERT. Nasc;681537 64 80 8968 5 36390 416 3500593 58
400;153;CPF;151.245.861-92
401;153;RG;54.840.565-58
402;154;RG;55.576.399-10
403;154;CNH;49702193110
404;154;CERT. Nasc;425650 51 12 9726 0 96892 886 9047561 75
405;155;RG;54.456.293-48
406;155;CNH;10286756759
407;155;CERT. Nasc;930203 23 74 5976 8 65377 742 8102962 91
408;156;RG;78.412.104-76
409;156;CNH;61624835806
410;156;CERT. Nasc;379697 44 05 9630 4 97933 199 2651533 48
411;157;CPF;517.079.549-17
412;157;RG;77.019.167-48
413;158;RG;22.000.749-88
414;158;CNH;40289999987
415;158;CERT. Nasc;438537 03 15 0724 4 55115 097 3789267 20
416;159;RG;64.781.918-70
417;159;CNH;28075730778
418;159;CERT. Nasc;110897 75 67 4245 4 28807 565 8503463 91
419;160;CPF;370.628.108-27
420;160;CNH;31736313179
421;160;CERT. Nasc;142660 29 81 5564 4 57657 743 4615563 13
422;161;CPF;305.616.466-43
423;161;RG;71.952.221-01
424;162;RG;85.791.279-30
425;162;CNH;68145518981
426;162;CERT. Nasc;822523 96 70 3184 8 85348 080 1717323 79
427;163;CPF;840.534.882-49
428;163;RG;03.473.223-15
429;164;RG;38.369.371-28
430;164;CNH;92357485357
431;165;CPF;627.838.107-94
432;165;RG;86.584.655-85
433;166;RG;66.246.344-87
434;166;CNH;69354660151
435;166;CERT. Nasc;910265 95 46 5265 8 69931 067 3026181 75
436;167;RG;32.872.681-02
437;167;CNH;97236707816
438;167;CERT. Nasc;374576 53 79 7784 8 29313 596 8927341 46
439;168;RG;65.738.409-53
440;168;CNH;31572277121
441;169;RG;25.524.724-36
442;169;CNH;32217379699
443;170;CPF;410.683.583-51
444;170;RG;85.837.502-57
445;171;RG;05.872.281-80
446;171;CNH;95328304820
447;171;CERT. Nasc;902024 17 53 4683 3 04237 201 6613958 31
448;172;RG;54.572.887-68
449;172;CNH;83279724896
450;172;CERT. Nasc;914876 96 87 6550 4 54711 415 4641881 09
451;173;CPF;235.941.920-08
452;173;CNH;84868437394
453;173;CERT. Nasc;702173 15 15 4104 3 51034 641 1168781 66
454;174;CPF;231.891.302-13
455;174;CNH;24218070155
456;174;CERT. Nasc;141094 21 88 4848 7 00304 552 5864234 64
457;175;RG;63.664.458-71
458;175;CNH;20569878096
459;175;CERT. Nasc;462992 53 34 8774 8 37340 498 1507614 90
460;176;RG;79.039.865-21
461;176;CNH;40421596579
462;177;CPF;382.055.151-40
463;177;RG;39.985.935-00
464;178;CPF;559.559.920-06
465;178;CNH;66056902797
466;178;CERT. Nasc;775929 68 55 9319 5 11904 868 1315124 95
467;179;RG;25.868.427-44
468;179;CNH;93986252403
469;179;CERT. Nasc;103159 95 59 2881 0 34198 240 0232256 00
470;180;RG;04.969.557-50
471;180;CNH;77666225914
472;180;CERT. Nasc;163248 00 54 8121 8 50523 096 3943242 01
473;181;RG;32.361.901-78
474;181;CNH;93564580238
475;182;CPF;318.325.457-33
476;182;CNH;15302466371
477;182;CERT. Nasc;071188 94 79 9609 6 73306 459 7636177 27
478;183;RG;82.695.264-71
479;183;CNH;59938026631
480;184;CPF;087.668.343-09
481;184;CNH;72050866192
482;184;CERT. Nasc;285990 13 37 7295 4 30542 505 1465651 53
483;185;CPF;961.800.923-89
484;185;RG;60.028.150-53
485;186;RG;44.045.722-57
486;186;CNH;63762407318
487;186;CERT. Nasc;887938 75 20 6448 6 45655 327 1045320 12
488;187;CPF;916.719.572-53
489;187;RG;05.879.683-31
490;188;RG;33.576.422-62
491;188;CNH;76873627480
492;188;CERT. Nasc;606938 44 17 0896 6 20658 611 4666041 42
493;189;RG;01.061.987-71
494;189;CNH;17487404653
495;189;CERT. Nasc;765769 72 70 8960 6 94420 994 4880825 74
496;190;RG;75.952.320-61
497;190;CNH;80864647777
498;191;CPF;374.549.567-50
499;191;CNH;97817943518
500;191;CERT. Nasc;547638 95 60 9685 9 20782 112 1461847 74
501;192;CPF;938.506.521-14
502;192;RG;89.356.324-00
503;193;RG;97.789.725-70
504;193;CNH;10116526291
505;194;RG;22.749.395-08
506;194;CNH;06957797614
507;195;RG;99.491.434-70
508;195;CNH;28477419296
509;195;CERT. Nasc;893320 00 19 3724 6 46186 987 9399107 15
510;196;RG;59.469.096-57
511;196;CNH;91894341656
512;196;CERT. Nasc;904977 69 93 2312 2 22118 373 9497403 81
513;197;RG;96.044.338-03
514;197;CNH;62813557106
515;198;CPF;422.561.338-00
516;198;RG;07.420.557-55
517;199;CPF;877.548.407-23
518;199;CNH;18747749266
519;199;CERT. Nasc;672167 01 84 1712 5 34007 309 8975761 63
520;200;CPF;446.670.286-10
521;200;CNH;60646133113
522;200;CERT. Nasc;694868 61 29 7982 0 01894 981 9298240 93
523;201;CPF;298.559.685-81
524;201;RG;50.687.228-02
525;202;RG;32.437.241-40
526;202;CNH;99813831883
527;203;CPF;320.364.274-30
528;203;CNH;64006505207
529;203;CERT. Nasc;835021 39 11 7874 9 29386 773 0530247 71
530;204;CPF;072.598.204-70
531;204;CNH;53002194995
532;204;CERT. Nasc;022020 01 81 1714 9 59885 950 6120525 36
533;205;RG;14.104.730-55
534;205;CNH;02140150489
535;205;CERT. Nasc;899689 91 34 8884 7 05974 776 4349905 99
536;206;CPF;571.032.516-30
537;206;CNH;93327660533
538;206;CERT. Nasc;214543 05 18 5144 3 92606 904 6219336 88
539;207;RG;70.929.338-00
540;207;CNH;47758665713
541;208;CPF;445.859.686-10
542;208;CNH;15206260228
543;208;CERT. Nasc;056852 43 02 0190 5 63944 357 6661228 07
544;209;RG;25.818.930-50
545;209;CNH;76638232174
546;209;CERT. Nasc;245427 34 06 6410 6 81178 984 6770963 68
547;210;RG;75.392.979-72
548;210;CNH;11492289247
549;211;RG;67.598.553-02
550;211;CNH;31231699568
551;212;RG;62.864.597-76
552;212;CNH;32946582690
553;212;CERT. Nasc;808618 92 32 7596 0 91469 407 8282365 33
554;213;CPF;135.980.979-13
555;213;RG;57.700.100-64
556;214;CPF;808.964.902-54
557;214;CNH;02241688272
558;214;CERT. Nasc;506015 11 12 8656 5 89255 329 0197492 61
559;215;CPF;696.547.368-10
560;215;RG;42.521.023-47
561;216;RG;34.868.083-00
562;216;CNH;25964336354
563;217;RG;90.299.494-50
564;217;CNH;80071610815
565;217;CERT. Nasc;279151 85 08 4159 9 62147 419 4455544 08
566;218;RG;87.349.990-00
567;218;CNH;91152469276
568;218;CERT. Nasc;241245 67 30 2673 8 62107 435 8065135 05
569;219;RG;23.616.422-40
570;219;CNH;19285824433
571;220;RG;34.868.633-00
572;220;CNH;14083725451
573;220;CERT. Nasc;825874 04 99 3859 7 83345 178 8202556 65
574;221;RG;93.770.680-64
575;221;CNH;01085122358
576;222;RG;00.530.331-41
577;222;CNH;39280354157
578;223;RG;53.165.735-60
579;223;CNH;22493134635
580;223;CERT. Nasc;091881 79 06 4136 7 52653 532 7184901 30
581;224;RG;01.474.571-00
582;224;CNH;88915024700
583;224;CERT. Nasc;439280 25 49 2020 2 18906 192 1809536 81
584;225;CPF;067.248.475-75
585;225;CNH;96244472486
586;225;CERT. Nasc;555786 12 87 4917 0 06774 111 0128474 66
587;226;RG;19.591.142-53
588;226;CNH;41500295790
589;227;CPF;480.315.176-81
590;227;RG;63.832.446-86
591;228;RG;87.712.997-00
592;228;CNH;76101673041
593;228;CERT. Nasc;849592 42 53 5497 8 33962 744 2878328 96
594;229;RG;27.907.891-70
595;229;CNH;77136838630
596;230;CPF;816.839.736-31
597;230;RG;95.663.756-12
598;231;RG;67.316.607-50
599;231;CNH;84762923851
600;231;CERT. Nasc;241217 97 64 2945 6 74435 852 0323155 22
601;232;RG;05.773.342-63
602;232;CNH;59479134157
603;232;CERT. Nasc;881087 02 95 9754 5 67852 899 8002602 94
604;233;RG;58.702.076-04
605;233;CNH;36421689007
606;234;CPF;165.633.879-34
607;234;CNH;48149508510
608;234;CERT. Nasc;102403 05 40 0237 7 48200 793 6362909 86
609;235;CPF;725.669.507-17
610;235;RG;68.268.139-16
611;236;RG;19.340.163-67
612;236;CNH;08701159905
613;237;RG;88.440.746-00
614;237;CNH;89329886949
615;237;CERT. Nasc;780972 67 60 9296 1 55882 108 9111860 13
616;238;RG;83.527.059-00
617;238;CNH;22298310649
618;238;CERT. Nasc;986767 48 73 7358 0 88134 944 1648998 39
619;239;RG;40.691.202-15
620;239;CNH;56536469519
621;239;CERT. Nasc;073690 04 27 3499 7 39982 796 7654988 68
622;240;RG;73.561.462-05
623;240;CNH;38111250174
624;240;CERT. Nasc;481677 43 63 5299 4 73724 307 5739439 38
625;241;CPF;093.075.465-41
626;241;CNH;11869995472
627;241;CERT. Nasc;115840 86 40 4348 6 32104 335 7538748 49
628;242;RG;96.567.756-00
629;242;CNH;71204015608
630;242;CERT. Nasc;726091 89 12 5754 3 64839 313 5658314 96
631;243;CPF;529.906.106-42
632;243;RG;55.539.068-36
633;244;RG;93.757.616-24
634;244;CNH;57837049665
635;245;CPF;097.871.927-14
636;245;RG;91.977.149-76
637;246;CPF;666.616.213-70
638;246;RG;80.202.146-61
639;247;RG;64.087.185-38
640;247;CNH;50902808797
641;247;CERT. Nasc;083634 47 81 9097 8 41415 896 9536420 09
642;248;RG;54.103.141-38
643;248;CNH;61004759789
644;249;CPF;939.746.302-01
645;249;CNH;21480429481
646;249;CERT. Nasc;964078 38 62 8201 2 94094 385 0335819 65
647;250;RG;81.570.107-56
648;250;CNH;06228567944
649;250;CERT. Nasc;381893 02 06 3616 8 06091 176 7637884 68
650;251;RG;04.979.149-43
651;251;CNH;85661855697
652;252;CPF;808.196.045-77
653;252;RG;90.178.035-16
654;253;RG;61.143.272-03
655;253;CNH;03215363990
656;254;RG;13.140.762-60
657;254;CNH;00609851689
658;255;RG;23.436.046-84
659;255;CNH;75659751089
660;255;CERT. Nasc;579338 84 63 4668 9 82156 449 3732827 02
661;256;RG;44.565.039-03
662;256;CNH;30121318182
663;257;RG;22.059.480-10
664;257;CNH;29483901144
665;258;CPF;333.365.166-17
666;258;RG;77.272.341-06
667;259;RG;60.167.367-40
668;259;CNH;80060670192
669;260;RG;93.205.851-70
670;260;CNH;39217403912
671;261;RG;40.816.402-23
672;261;CNH;84776914896
673;261;CERT. Nasc;141543 67 56 8407 2 94687 569 3488134 29
674;262;RG;76.243.080-28
675;262;CNH;18462373297
676;263;CPF;758.396.561-60
677;263;CNH;64469138867
678;263;CERT. Nasc;268566 93 09 6405 7 12016 439 4647254 42
679;264;RG;47.333.189-84
680;264;CNH;69806435183
681;264;CERT. Nasc;970900 87 69 4160 9 97538 587 2396686 72
682;265;CPF;504.023.833-97
683;265;CNH;71518789581
684;265;CERT. Nasc;229022 20 58 5774 1 12343 393 1205505 41
685;266;RG;87.411.568-00
686;266;CNH;96226920709
687;266;CERT. Nasc;540035 28 42 1270 5 82569 444 9958451 56
688;267;RG;01.211.388-51
689;267;CNH;22380422816
690;268;RG;62.503.183-66
691;268;CNH;21298132080
692;268;CERT. Nasc;231410 30 21 9251 0 97938 422 9624277 36
693;269;RG;67.186.838-85
694;269;CNH;73417177475
695;269;CERT. Nasc;214191 29 29 9713 6 05286 553 8254705 03
696;270;CPF;900.879.335-00
697;270;CNH;88508340762
698;270;CERT. Nasc;147028 03 58 2752 3 42993 392 0880542 97
699;271;CPF;753.199.610-30
700;271;RG;22.288.354-05
701;272;RG;50.940.731-00
702;272;CNH;95071172910
703;272;CERT. Nasc;811581 36 55 2754 8 15175 200 1493375 85
704;273;CPF;484.588.494-10
705;273;CNH;85779131840
706;273;CERT. Nasc;267870 13 37 5974 8 49976 385 7129999 72
707;274;RG;17.840.124-76
708;274;CNH;97709817959
709;274;CERT. Nasc;664877 79 67 2741 8 99269 914 7585958 47
710;275;CPF;623.242.197-35
711;275;RG;68.556.168-04
712;276;RG;49.671.418-82
713;276;CNH;20702235090
714;276;CERT. Nasc;692648 98 58 3459 1 72217 563 7091306 20
715;277;RG;57.762.491-08
716;277;CNH;01972768174
717;277;CERT. Nasc;860196 87 12 6557 3 30378 640 5609641 88
718;278;RG;54.231.717-10
719;278;CNH;19248732163
720;278;CERT. Nasc;701242 49 10 7645 1 19508 053 7933807 63
721;279;RG;15.076.310-43
722;279;CNH;05578738621
723;280;RG;44.420.771-10
724;280;CNH;92252172408
725;281;RG;16.760.016-30
726;281;CNH;07662167831
727;282;CPF;167.178.252-60
728;282;CNH;23051600792
729;282;CERT. Nasc;896558 37 51 3917 6 13059 562 0206260 01
730;283;CPF;988.618.913-49
731;283;CNH;10122749221
732;283;CERT. Nasc;801042 04 42 9965 0 47141 281 9647535 26
733;284;CPF;929.559.794-06
734;284;CNH;32702942661
735;284;CERT. Nasc;507160 07 27 7891 5 42173 321 0625286 28
736;285;RG;08.697.665-30
737;285;CNH;78216528689
738;285;CERT. Nasc;133094 74 27 7530 4 11067 209 7819948 41
739;286;CPF;913.264.248-23
740;286;RG;42.272.931-55
741;287;CPF;012.684.866-12
742;287;CNH;34316804847
743;287;CERT. Nasc;470498 41 82 7529 7 16823 031 9249649 19
744;288;CPF;069.931.317-14
745;288;RG;14.314.626-03
746;289;CPF;811.573.869-70
747;289;CNH;94011794444
748;289;CERT. Nasc;919603 67 84 4661 4 11707 817 2126937 55
749;290;RG;35.251.368-80
750;290;CNH;25374864398
751;290;CERT. Nasc;285831 09 75 2184 1 76566 106 2145920 78
752;291;RG;36.283.639-73
753;291;CNH;19892636664
754;291;CERT. Nasc;576846 08 28 1560 4 10866 507 2539656 32
755;292;RG;90.821.746-40
756;292;CNH;04430192477
757;293;RG;02.205.414-84
758;293;CNH;13544270651
759;293;CERT. Nasc;670136 52 33 2340 5 07315 467 8073636 93
760;294;RG;35.058.959-42
761;294;CNH;97465139400
762;294;CERT. Nasc;904191 25 24 6882 7 83320 229 6878685 76
763;295;CPF;491.751.293-02
764;295;CNH;40949200417
765;295;CERT. Nasc;192960 43 75 0371 7 95336 170 2898137 43
766;296;CPF;107.432.104-92
767;296;CNH;21213265062
768;296;CERT. Nasc;628791 39 33 5713 3 16049 161 2863189 57
769;297;CPF;984.562.836-22
770;297;CNH;47572285535
771;297;CERT. Nasc;850819 66 77 2745 6 66837 352 2357072 94
772;298;RG;54.569.634-62
773;298;CNH;15493714168
774;299;RG;31.474.762-51
775;299;CNH;30951603316
776;299;CERT. Nasc;182809 94 01 1490 2 42506 497 2843302 04
777;300;RG;42.772.997-03
778;300;CNH;71269542147
779;300;CERT. Nasc;642308 32 94 3372 6 37042 010 4812143 77
